3	-1996.93 -1993.03
4	2010.05 2029.51
4	2034.73 2013.63
4	2011.57 1994.7
0	2016.34 -2002.12
4	-1992.89 1991.17
1	-1997.84 -2019.3
4	-10.696 -8.1843
4	11.6543 16.731
0	2015.01 -1997.64
4	-17.7763 -24.9191
0	2025.31 -1992.37
4	1990.78 2012.66
3	-2029.31 -2012.27
4	-2000.69 2012.17
4	-3.16401 -14.903
4	-2020.48 2006.83
4	3.8934 1.62893
4	1993.01 2010.21
4	9.78805 21.2401
2	2001.8 -2026.08
0	2007.87 -1985.1
4	2016.26 1989.72
4	-1988.42 1987.42
2	1999.5 -2023.63
4	2005.54 1995.1
4	2015.21 2007.58
4	4.89135 6.7362
0	2026.44 -2003.76
1	-2006.71 -2016.24
4	-1998.1 2012.76
3	-2022.86 -2025.55
4	2019.93 2014.23
4	-0.276955 -20.9807
3	-2004.4 -2003.98
4	15.2264 -17.5443
4	2028.39 2030.58
1	-1998.62 -2032.84
4	23.8266 -9.2494
4	-9.7087 -16.3038
3	-1991.55 -1992.44
2	1992.74 -2018.65
4	1988.83 2017.05
0	2012.25 -2012.59
4	-10.0627 -1.72201
4	-2027.37 2001.15
3	-2019.31 -1993.67
4	18.6674 11.2514
1	-1987.8 -2028.64
0	2024.25 -2008.77
