4	3.17927 -15.3348
4	2014.25 2008.99
4	-1990.2 2026.14
2	1993.71 -1992.05
4	0.676748 -9.80026
4	-20.4299 -6.7774
3	-2026.71 -1985.57
2	1990.95 -2034.77
3	-2016.11 -2008.42
4	5.0882 5.35829
1	-2001.85 -2012.46
4	-2032.15 2015.38
1	-1994.87 -2009.01
0	2028.8 -1998.67
1	-1988.71 -2008.03
2	2008.1 -2023.23
4	-2024.52 2023.98
0	2034.84 -1985.02
3	-2015.38 -2021.69
4	17.0072 -23.8128
4	-20.3688 8.86029
3	-2034.56 -1989.06
4	1998.64 2014.4
4	-1993.12 2021.32
4	1995.27 2022.19
4	2007.9 2032.46
4	-2029.59 2014.95
4	-1998.25 2015.45
4	-6.93304 -17.4223
4	-3.74233 15.144
0	2034.5 -1997.42
4	-2026.55 2017.87
4	-2031.82 2019.99
4	-17.6252 22.4792
0	2030.26 -2000.36
4	2006.33 1988.52
4	-2000.84 1992.66
4	2026.08 2014.1
4	1993.89 2025.86
4	-2027.22 2010.2
4	-4.72045 -11.021
4	9.11206 12.7926
4	2008.76 1991.15
1	-1993.27 -2033.25
4	8.1492 -3.68892
4	2032.47 2031.07
3	-2017.7 -2011.41
1	-1992.65 -2019.16
4	1998.59 2034.15
4	-1998.04 2013.36
